34962.974562
28170.082274
63054.803332
45379.753584
32043.570476
61472.050098
50898.978568
63748.788722
39349.662044
22652.023652
30304.524734
128900.603680
30576.287080
61769.472408
29488.071334
26440.367428
37940.696748
23532.626962
38689.501152
46168.214296
35884.400542
200118.667400
27731.530162
37482.316482
28603.968938
184664.370900
113318.007360
91495.374340
117376.947120
222664.444860
24959.087688
40553.347628
71564.580484
32416.806316
59468.240182
56229.252908
58124.591158
29086.842806
113411.316320
37800.733308
26761.116978
43971.954650
100254.752960
31039.332794
54961.417414
46428.313022
22833.976124
31362.415068
100161.444000
28332.206592
51643.117524
25604.085874
50286.638518
52376.759222
37560.462736
37864.883218
36876.974604
29476.407714
72287.724924
73960.288032
66633.201948
24106.477066
211887.259980
137578.336960
184827.661580
47887.431884
60447.984262
83085.904320
27840.001828
200946.784420
81919.542320
49243.910890
33751.124444
47977.241758
22328.941378
40069.307398
51624.455732
22440.912130
83529.121880
23271.361874
30520.301704
24212.616008
37827.559634
77635.494694
39696.071558
63038.474264
70771.454324
33702.137240
28084.937848
22708.009028
30269.533874
52767.490492
32170.703934
25577.259548
60428.156108
119919.616280
27111.025578
